data/fdis_mc50m.asc
ncols         164
nrows         164
xllcorner     623445
yllcorner     5642972
cellsize      50
NODATA_value  -9999
[rows 64 to 95 of 164, columns 72 to 143 of 164]
170.7107 120.7107 70.71068 120.7107 70.71068 70.71068 100 50 0 70.71068 70.71068 370.7107 320.7107 270.7107 250 170.7107 50 0 0 50 100 100 120.7107 220.7107 270.7107 250 270.7107 362.132 603.5534 582.8427 641.4213 620.7106 641.4213 620.7106 641.4213 786.396 -9999 -9999 -9999 -9999 -9999 -9999 -9999 -9999 -9999 -9999 -9999 -9999 -9999 -9999 -9999 -9999 -9999 -9999 -9999 -9999 -9999 -9999 -9999 -9999 -9999 -9999 -9999 -9999 -9999 -9999 -9999 -9999 -9999 -9999 -9999 -9999
150 100 50 0 0 0 0 0 50 491.4213 441.4214 350 300 250 200 150 100 50 0 0 50 50 70.71068 170.7107 220.7107 200 220.7107 312.132 291.4214 532.8427 591.4213 570.7106 550 570.7106 591.4213 612.132 715.6854 -9999 -9999 -9999 -9999 -9999 -9999 -9999 -9999 -9999 -9999 -9999 -9999 -9999 -9999 -9999 -9999 -9999 -9999 -9999 -9999 -9999 -9999 -9999 -9999 -9999 -9999 -9999 -9999 -9999 -9999 -9999 -9999 -9999 -9999 -9999
170.7107 120.7107 70.71068 170.7107 120.7107 70.71068 620.7106 570.7106 520.7106 470.7107 420.7107 370.7107 320.7107 300 250 170.7107 120.7107 70.71068 100 50 0 0 50 120.7107 141.4214 150 170.7107 220.7107 241.4214 482.8427 503.5534 520.7106 500 520.7106 541.4213 562.132 582.8427 644.9747 886.396 -9999 -9999 -9999 -9999 -9999 -9999 -9999 -9999 -9999 -9999 -9999 -9999 -9999 -9999 -9999 -9999 -9999 -9999 -9999 -9999 -9999 -9999 -9999 -9999 -9999 -9999 -9999 -9999 -9999 -9999 -9999 -9999 -9999
941.4213 891.4213 841.4213 791.4213 741.4213 691.4213 641.4213 591.4213 541.4213 491.4213 441.4214 420.7107 370.7107 320.7107 320.7107 270.7107 220.7107 170.7107 120.7107 70.71068 100 50 0 70.71068 50 100 120.7107 170.7107 191.4214 432.8427 453.5534 470.7107 450 470.7107 491.4213 512.132 532.8427 553.5534 574.264 815.6854 -9999 -9999 -9999 -9999 -9999 -9999 -9999 -9999 -9999 -9999 -9999 -9999 -9999 -9999 -9999 -9999 -9999 -9999 -9999 -9999 -9999 -9999 -9999 -9999 -9999 -9999 -9999 -9999 -9999 -9999 -9999 -9999
962.132 912.132 862.132 812.132 762.132 712.132 662.132 641.4213 562.132 541.4213 491.4214 441.4214 391.4214 470.7107 420.7107 370.7107 320.7107 270.7107 220.7107 170.7107 120.7107 70.71068 50 0 0 50 100 120.7107 141.4214 382.8427 362.132 420.7107 400 420.7107 441.4214 462.132 482.8427 503.5534 524.264 794.9747 744.9747 -9999 -9999 -9999 -9999 -9999 -9999 -9999 -9999 -9999 -9999 -9999 -9999 -9999 -9999 -9999 -9999 -9999 -9999 -9999 -9999 -9999 -9999 -9999 -9999 -9999 -9999 -9999 -9999 -9999 -9999 -9999
982.8427 932.8427 882.8427 832.8427 782.8427 732.8427 712.132 632.8427 612.132 562.132 815.6854 765.6854 715.6854 520.7106 470.7107 420.7107 370.7107 320.7107 270.7107 220.7107 170.7107 120.7107 70.71068 70.71068 50 0 50 70.71068 120.7107 332.8427 312.132 370.7107 350 370.7107 391.4214 412.132 432.8427 453.5534 474.264 674.264 694.9747 -9999 -9999 -9999 -9999 -9999 -9999 -9999 -9999 -9999 -9999 -9999 -9999 -9999 -9999 -9999 -9999 -9999 -9999 -9999 -9999 -9999 -9999 -9999 -9999 -9999 -9999 -9999 -9999 -9999 -9999 -9999
1003.553 953.5533 903.5533 853.5533 803.5533 782.8427 703.5533 682.8427 807.1067 757.1067 707.1067 686.396 665.6854 644.9747 624.264 682.8427 632.8427 582.8427 532.8427 482.8427 432.8427 382.8427 332.8427 282.8427 70.71068 50 0 50 170.7107 241.4214 262.132 320.7107 300 320.7107 341.4214 362.132 382.8427 403.5534 424.264 624.264 644.9747 -9999 -9999 -9999 -9999 -9999 -9999 -9999 -9999 -9999 -9999 -9999 -9999 -9999 -9999 -9999 -9999 -9999 -9999 -9999 -9999 -9999 -9999 -9999 -9999 -9999 -9999 -9999 -9999 -9999 -9999 -9999
1024.264 974.264 924.264 874.264 853.5533 774.264 753.5533 836.396 786.396 736.396 686.396 636.396 615.6854 594.9747 574.264 553.5534 532.8427 562.1321 512.1321 462.1321 412.1321 362.132 312.132 262.132 212.132 50 0 100 120.7107 191.4214 212.132 270.7107 250 270.7107 291.4214 312.132 332.8427 353.5534 524.264 574.264 594.9747 -9999 -9999 -9999 -9999 -9999 -9999 -9999 -9999 -9999 -9999 -9999 -9999 -9999 -9999 -9999 -9999 -9999 -9999 -9999 -9999 -9999 -9999 -9999 -9999 -9999 -9999 -9999 -9999 -9999 -9999 -9999
524.264 503.5534 482.8427 503.5534 482.8427 462.132 815.6854 765.6854 715.6854 715.6854 665.6854 615.6854 565.6854 544.9747 524.264 503.5534 482.8427 462.132 836.396 815.6854 391.4214 341.4214 291.4214 241.4214 191.4214 141.4214 0 50 70.71068 141.4214 220.7107 220.7107 200 220.7107 241.4214 262.132 282.8427 453.5534 474.264 524.264 544.9747 -9999 -9999 -9999 -9999 -9999 -9999 -9999 -9999 -9999 -9999 -9999 -9999 -9999 -9999 -9999 -9999 -9999 -9999 -9999 -9999 -9999 -9999 -9999 -9999 -9999 -9999 -9999 -9999 -9999 -9999 -9999
474.264 453.5534 432.8427 453.5534 432.8427 412.1321 391.4214 744.9747 694.9747 644.9747 644.9747 594.9747 544.9747 494.9747 474.264 453.5534 432.8427 412.132 482.8427 765.6854 744.9747 320.7107 270.7107 220.7107 170.7107 120.7107 70.71068 0 70.71068 150 170.7107 170.7107 150 170.7107 191.4214 212.132 382.8427 403.5534 424.264 474.264 494.9747 -9999 -9999 -9999 -9999 -9999 -9999 -9999 -9999 -9999 -9999 -9999 -9999 -9999 -9999 -9999 -9999 -9999 -9999 -9999 -9999 -9999 -9999 -9999 -9999 -9999 -9999 -9999 -9999 -9999 -9999 -9999
424.264 403.5534 382.8427 382.8427 382.8427 362.132 341.4214 320.7107 674.264 624.264 574.264 574.264 524.264 474.264 424.264 403.5534 382.8427 362.132 341.4214 412.132 694.9747 674.264 624.264 200 150 100 50 0 50 100 150 170.7107 100 120.7107 141.4214 312.132 332.8427 353.5534 403.5534 424.264 553.5534 -9999 -9999 -9999 -9999 -9999 -9999 -9999 -9999 -9999 -9999 -9999 -9999 -9999 -9999 -9999 -9999 -9999 -9999 -9999 -9999 -9999 -9999 -9999 -9999 -9999 -9999 -9999 -9999 -9999 -9999 -9999
353.5534 353.5534 332.8427 312.132 312.132 312.132 291.4214 270.7107 270.7107 603.5533 553.5533 503.5534 453.5534 403.5534 353.5534 353.5534 332.8427 312.132 291.4214 362.132 341.4214 624.264 574.264 553.5533 170.7107 120.7107 120.7107 70.71068 0 50 100 120.7107 50 70.71068 241.4214 262.132 282.8427 332.8427 353.5534 403.5534 503.5534 -9999 -9999 -9999 -9999 -9999 -9999 -9999 -9999 -9999 -9999 -9999 -9999 -9999 -9999 -9999 -9999 -9999 -9999 -9999 -9999 -9999 -9999 -9999 -9999 -9999 -9999 -9999 -9999 -9999 -9999 -9999
332.8427 282.8427 282.8427 262.132 262.132 241.4214 241.4214 220.7107 220.7107 582.8427 532.8427 482.8427 432.8427 382.8427 332.8427 282.8427 282.8427 262.132 241.4214 312.132 291.4214 362.132 524.264 503.5534 482.8427 462.132 141.4214 50 0 0 50 50 0 170.7107 191.4214 212.132 262.132 282.8427 332.8427 403.5534 453.5534 -9999 -9999 -9999 -9999 -9999 -9999 -9999 -9999 -9999 -9999 -9999 -9999 -9999 -9999 -9999 -9999 -9999 -9999 -9999 -9999 -9999 -9999 -9999 -9999 -9999 -9999 -9999 -9999 -9999 -9999 -9999
262.132 262.132 212.132 212.132 212.132 191.4214 191.4214 170.7107 170.7107 212.132 512.132 462.132 412.132 362.132 312.132 262.132 212.132 212.132 191.4214 262.132 241.4214 312.132 291.4214 453.5534 432.8427 412.132 391.4214 70.71068 50 50 0 0 100 120.7107 141.4214 191.4214 212.132 262.132 332.8427 382.8427 594.9747 1136.396 -9999 -9999 -9999 -9999 -9999 -9999 -9999 -9999 -9999 -9999 -9999 -9999 -9999 -9999 -9999 -9999 -9999 -9999 -9999 -9999 -9999 -9999 -9999 -9999 -9999 -9999 -9999 -9999 -9999 -9999
241.4214 191.4214 191.4214 141.4214 141.4214 141.4214 141.4214 120.7107 120.7107 120.7107 141.4214 441.4214 391.4214 341.4214 291.4214 241.4214 191.4214 141.4214 141.4214 212.132 191.4214 291.4214 241.4214 403.5534 382.8427 362.132 341.4214 362.132 120.7107 70.71068 50 0 50 70.71068 120.7107 141.4214 191.4214 262.132 312.132 524.264 544.9747 1086.396 1065.685 -9999 -9999 -9999 -9999 -9999 -9999 -9999 -9999 -9999 -9999 -9999 -9999 -9999 -9999 -9999 -9999 -9999 -9999 -9999 -9999 -9999 -9999 -9999 -9999 -9999 -9999 -9999 -9999 -9999
141.4214 170.7107 120.7107 120.7107 70.71068 70.71068 70.71068 70.71068 70.71068 50 50 70.71068 370.7107 320.7107 270.7107 220.7107 170.7107 120.7107 70.71068 70.71068 141.4214 241.4214 191.4214 353.5534 332.8427 312.132 291.4214 312.132 291.4214 120.7107 70.71068 50 0 50 70.71068 120.7107 191.4214 241.4214 453.5534 474.264 453.5534 1036.396 1015.685 994.9747 -9999 -9999 -9999 -9999 -9999 -9999 -9999 -9999 -9999 -9999 -9999 -9999 -9999 -9999 -9999 -9999 -9999 -9999 -9999 -9999 -9999 -9999 -9999 -9999 -9999 -9999 -9999 -9999
70.71068 70.71068 100 50 0 0 0 0 0 0 0 0 0 0 0 0 0 0 0 0 0 70.71068 170.7107 120.7107 282.8427 262.132 241.4214 262.132 241.4214 141.4214 120.7107 120.7107 70.71068 0 50 120.7107 170.7107 382.8427 403.5534 382.8427 403.5534 774.264 965.6853 944.9746 924.264 -9999 -9999 -9999 -9999 -9999 -9999 -9999 -9999 -9999 -9999 -9999 -9999 -9999 -9999 -9999 -9999 -9999 -9999 -9999 -9999 -9999 -9999 -9999 -9999 -9999 -9999 -9999
0 0 0 0 70.71068 70.71068 70.71068 70.71068 650 600 550 500 450 400 350 300 250 200 150 100 50 0 0 70.71068 50 212.132 191.4214 170.7107 191.4214 150 220.7107 100 50 0 50 100 312.132 332.8427 312.132 332.8427 412.132 724.264 915.6854 894.9746 874.264 853.5534 -9999 -9999 -9999 -9999 -9999 -9999 -9999 -9999 -9999 -9999 -9999 -9999 -9999 -9999 -9999 -9999 -9999 -9999 -9999 -9999 -9999 -9999 -9999 -9999 -9999 -9999
70.71068 70.71068 70.71068 50 120.7107 782.8427 732.8427 682.8427 632.8427 582.8427 532.8427 662.132 612.132 562.132 512.132 462.132 412.132 362.132 312.132 200 150 100 50 0 0 70.71068 141.4214 120.7107 120.7107 100 170.7107 70.71068 50 0 50 241.4214 262.132 241.4214 262.132 262.132 362.132 674.264 653.5534 844.9747 824.264 803.5534 903.5533 -9999 -9999 -9999 -9999 -9999 -9999 -9999 -9999 -9999 -9999 -9999 -9999 -9999 -9999 -9999 -9999 -9999 -9999 -9999 -9999 -9999 -9999 -9999 -9999 -9999
120.7107 120.7107 120.7107 862.1321 812.1321 762.132 712.132 662.132 612.132 562.132 512.132 462.132 412.132 541.4214 491.4214 441.4214 391.4214 341.4214 291.4214 241.4214 191.4214 141.4214 141.4214 100 50 0 0 70.71068 70.71068 50 120.7107 70.71068 0 70.71068 170.7107 191.4214 170.7107 191.4214 191.4214 212.132 312.132 382.8427 603.5534 582.8427 774.264 753.5533 853.5533 -9999 -9999 -9999 -9999 -9999 -9999 -9999 -9999 -9999 -9999 -9999 -9999 -9999 -9999 -9999 -9999 -9999 -9999 -9999 -9999 -9999 -9999 -9999 -9999 -9999
191.4214 982.8427 932.8427 882.8427 832.8427 782.8427 691.4213 641.4213 591.4213 541.4214 491.4214 441.4214 391.4214 341.4214 370.7107 320.7107 270.7107 220.7107 170.7107 120.7107 70.71068 120.7107 70.71068 70.71068 100 50 0 0 0 0 70.71068 50 0 141.4214 120.7107 100 120.7107 120.7107 141.4214 241.4214 262.132 291.4214 312.132 532.8427 512.1321 703.5533 803.5533 -9999 -9999 -9999 -9999 -9999 -9999 -9999 -9999 -9999 -9999 -9999 -9999 -9999 -9999 -9999 -9999 -9999 -9999 -9999 -9999 -9999 -9999 -9999 -9999 -9999
1053.553 1003.553 912.132 862.132 812.132 762.132 712.132 620.7106 570.7106 520.7106 470.7107 420.7107 370.7107 320.7107 270.7107 220.7107 170.7107 120.7107 70.71068 70.71068 50 0 0 0 0 0 70.71068 70.71068 50 50 0 0 50 0 70.71068 50 50 70.71068 170.7107 191.4214 212.132 241.4214 262.132 482.8427 462.1321 653.5533 753.5533 -9999 -9999 -9999 -9999 -9999 -9999 -9999 -9999 -9999 -9999 -9999 -9999 -9999 -9999 -9999 -9999 -9999 -9999 -9999 -9999 -9999 -9999 -9999 -9999 -9999
1032.843 982.8427 932.8427 841.4213 791.4213 741.4213 691.4213 641.4213 591.4213 541.4213 491.4213 320.7107 270.7107 220.7107 170.7107 120.7107 70.71068 100 50 0 0 70.71068 50 70.71068 50 50 141.4214 120.7107 120.7107 70.71068 100 50 0 0 0 0 0 50 120.7107 141.4214 120.7107 191.4214 212.132 220.7107 412.1321 603.5533 703.5533 682.8427 -9999 -9999 -9999 -9999 -9999 -9999 -9999 -9999 -9999 -9999 -9999 -9999 -9999 -9999 -9999 -9999 -9999 -9999 -9999 -9999 -9999 -9999 -9999 -9999
1053.553 962.132 912.132 862.132 812.132 762.132 712.132 662.132 612.132 562.132 391.4214 300 250 200 150 100 50 0 0 70.71068 50 120.7107 100 120.7107 120.7107 212.132 191.4214 191.4214 141.4214 170.7107 120.7107 70.71068 70.71068 70.71068 70.71068 100 50 0 70.71068 50 120.7107 141.4214 150 170.7107 362.132 382.8427 532.8427 632.8427 612.132 -9999 -9999 -9999 -9999 -9999 -9999 -9999 -9999 -9999 -9999 -9999 -9999 -9999 -9999 -9999 -9999 -9999 -9999 -9999 -9999 -9999 -9999 -9999
1032.843 982.8427 932.8427 882.8427 832.8427 782.8427 732.8427 682.8427 632.8427 170.7107 120.7107 170.7107 120.7107 70.71068 170.7107 50 0 50 50 120.7107 100 170.7107 191.4214 191.4214 282.8427 262.132 262.132 212.132 241.4214 191.4214 141.4214 141.4214 141.4214 120.7107 170.7107 120.7107 100 50 0 0 70.71068 50 100 120.7107 312.132 332.8427 441.4214 462.132 562.132 541.4213 -9999 -9999 -9999 -9999 -9999 -9999 -9999 -9999 -9999 -9999 -9999 -9999 -9999 -9999 -9999 -9999 -9999 -9999 -9999 -9999 -9999 -9999
1053.553 1003.553 953.5533 903.5533 853.5533 803.5533 753.5533 170.7107 120.7107 70.71068 100 50 0 0 0 0 50 70.71068 191.4214 170.7107 241.4214 262.132 262.132 353.5534 332.8427 332.8427 282.8427 312.132 262.132 212.132 212.132 212.132 191.4214 241.4214 191.4214 170.7107 120.7107 70.71068 100 50 0 0 50 241.4214 262.132 241.4214 391.4214 412.132 391.4214 491.4213 470.7107 -9999 -9999 -9999 -9999 -9999 -9999 -9999 -9999 -9999 -9999 -9999 -9999 -9999 -9999 -9999 -9999 -9999 -9999 -9999 -9999 -9999
70.71068 70.71068 50 50 0 0 70.71068 100 50 0 0 0 0 70.71068 50 50 70.71068 120.7107 241.4214 312.132 332.8427 332.8427 424.264 403.5534 403.5534 353.5534 382.8427 332.8427 282.8427 282.8427 282.8427 262.132 312.132 262.132 241.4214 191.4214 141.4214 170.7107 120.7107 70.71068 100 50 0 191.4214 170.7107 191.4214 341.4214 362.132 341.4214 320.7107 420.7107 -9999 -9999 -9999 -9999 -9999 -9999 -9999 -9999 -9999 -9999 -9999 -9999 -9999 -9999 -9999 -9999 -9999 -9999 -9999 -9999 -9999
50 0 0 0 100 50 0 0 0 70.71068 50 0 141.4214 120.7107 100 141.4214 191.4214 312.132 382.8427 403.5534 403.5534 494.9747 524.264 474.264 424.264 453.5534 503.5534 453.5534 403.5534 353.5534 332.8427 382.8427 332.8427 312.132 262.132 212.132 241.4214 191.4214 141.4214 170.7107 120.7107 70.71068 50 0 120.7107 100 291.4214 312.132 291.4214 270.7107 370.7107 -9999 -9999 -9999 -9999 -9999 -9999 -9999 -9999 -9999 -9999 -9999 -9999 -9999 -9999 -9999 -9999 -9999 -9999 -9999 -9999 -9999
0 70.71068 50 50 120.7107 70.71068 70.71068 70.71068 50 0 0 50 191.4214 170.7107 150 262.132 382.8427 453.5534 474.264 474.264 644.9747 594.9747 544.9747 674.264 624.264 574.264 653.5534 603.5534 553.5534 503.5534 453.5534 403.5534 382.8427 332.8427 362.132 312.132 262.132 291.4214 241.4214 191.4214 141.4214 120.7107 70.71068 50 0 50 241.4214 220.7107 241.4214 220.7107 320.7107 470.7107 -9999 -9999 -9999 -9999 -9999 -9999 -9999 -9999 -9999 -9999 -9999 -9999 -9999 -9999 -9999 -9999 -9999 -9999 -9999 -9999
50 120.7107 100 291.4214 241.4214 191.4214 141.4214 50 0 70.71068 50 70.71068 241.4214 220.7107 332.8427 453.5534 524.264 544.9747 544.9747 715.6854 974.264 924.264 874.264 824.264 774.264 724.264 674.264 624.264 574.264 524.264 582.8427 532.8427 482.8427 432.8427 382.8427 412.1321 362.132 312.132 291.4214 241.4214 191.4214 141.4214 150 100 50 0 191.4214 170.7107 191.4214 170.7107 270.7107 420.7107 -9999 -9999 -9999 -9999 -9999 -9999 -9999 -9999 -9999 -9999 -9999 -9999 -9999 -9999 -9999 -9999 -9999 -9999 -9999 -9999
100 291.4214 241.4214 220.7107 170.7107 120.7107 120.7107 70.71068 0 120.7107 141.4214 120.7107 291.4214 403.5534 524.264 594.9747 615.6854 615.6854 1094.975 1044.975 994.9747 944.9747 -9999 -9999 -9999 -9999 -9999 -9999 -9999 -9999 -9999 -9999 503.5534 453.5534 482.8427 432.8427 382.8427 362.132 312.132 320.7107 270.7107 220.7107 170.7107 120.7107 100 50 0 120.7107 100 120.7107 220.7107 370.7107 -9999 -9999 -9999 -9999 -9999 -9999 -9999 -9999 -9999 -9999 -9999 -9999 -9999 -9999 -9999 -9999 -9999 -9999 -9999 -9999
320.7107 270.7107 220.7107 170.7107 120.7107 100 50 0 50 70.71068 191.4214 170.7107 474.264 594.9747 665.6854 686.396 686.396 1165.685 1115.685 1065.685 -9999 -9999 -9999 -9999 -9999 -9999 -9999 -9999 -9999 -9999 -9999 -9999 -9999 -9999 503.5534 453.5534 491.4214 441.4214 391.4214 341.4214 291.4214 241.4214 220.7107 170.7107 120.7107 191.4214 141.4214 0 50 150 170.7107 320.7107 -9999 -9999 -9999 -9999 -9999 -9999 -9999 -9999 -9999 -9999 -9999 -9999 -9999 -9999 -9999 -9999 -9999 -9999 -9999 -9999
