data/mcdem_50m.asc
ncols         164
nrows         164
xllcorner     623445
yllcorner     5642972
cellsize      50
NODATA_value  -9999
[rows 60 to 89 of 164, columns 68 to 135 of 164]
2384.411 2368.218 2348.362 2327.511 2292.982 2258.617 2227.036 2199.875 2169.722 2152.127 2133.162 2123.637 2099.184 2073.736 2052.362 2033.241 2010.93 1999.325 1988.901 1983.072 1980.105 1970.718 1978.496 1991.839 2008.702 2006.295 1984.312 1964.571 1954.721 1948.297 1940.952 1934.918 1929.969 1925.413 1920.672 1917.799 1912.926 1908.022 -9999 -9999 -9999 -9999 -9999 -9999 -9999 -9999 -9999 -9999 -9999 -9999 -9999 -9999 -9999 -9999 -9999 -9999 -9999 -9999 -9999 -9999 -9999 -9999 -9999 -9999 -9999 -9999 -9999 -9999
2352.209 2336.656 2320.595 2301.558 2269.914 2242.676 2211.553 2185.561 2151.809 2132.374 2119.921 2108.82 2088.973 2062.462 2042.298 2023.218 2005.962 1995.156 1985.512 1978.753 1974.111 1972.391 1966.695 1980.896 1995.382 1992.532 1970.525 1955.775 1946.927 1941.386 1933.917 1928.995 1925.35 1922.406 1916.483 1913.628 1909.809 1904.677 1900.644 -9999 -9999 -9999 -9999 -9999 -9999 -9999 -9999 -9999 -9999 -9999 -9999 -9999 -9999 -9999 -9999 -9999 -9999 -9999 -9999 -9999 -9999 -9999 -9999 -9999 -9999 -9999 -9999 -9999
2337.639 2307.364 2291.252 2275.222 2251.827 2223.908 2199.499 2172.151 2139.372 2117.589 2102.439 2093.889 2078.258 2049.509 2033.73 2020.158 2002.966 1992.567 1984.186 1974.596 1960.56 1963.438 1945.291 1967.648 1968.031 1970.874 1954.538 1947.991 1940.126 1934.071 1927.826 1924.382 1921.129 1917.908 1911.348 1908.515 1905.553 1900.741 1897.602 -9999 -9999 -9999 -9999 -9999 -9999 -9999 -9999 -9999 -9999 -9999 -9999 -9999 -9999 -9999 -9999 -9999 -9999 -9999 -9999 -9999 -9999 -9999 -9999 -9999 -9999 -9999 -9999 -9999
2344.082 2306.924 2266.366 2248.396 2228.037 2206.152 2182.005 2158.845 2129.737 2106.832 2088.653 2080.298 2056.746 2032.382 2011.395 1999.685 1986.833 1975.834 1960.491 1953.316 1939.132 1935.541 1932.774 1936.87 1942.205 1947.997 1941.027 1936.906 1929.723 1924.742 1920.738 1916.892 1914.212 1909.64 1906.671 1904.092 1900.488 1897.671 1895.906 1891.186 -9999 -9999 -9999 -9999 -9999 -9999 -9999 -9999 -9999 -9999 -9999 -9999 -9999 -9999 -9999 -9999 -9999 -9999 -9999 -9999 -9999 -9999 -9999 -9999 -9999 -9999 -9999 -9999
2345.566 2307.69 2271.344 2237.997 2193.145 2178.333 2164.64 2143.449 2115.812 2097.439 2080.28 2059.397 2037.684 2035.664 2025.518 2013.982 2003.53 1993.328 1984.561 1972.921 1956.551 1930.51 1914.765 1923.491 1924.01 1927.406 1924.997 1923.906 1917.634 1915.052 1910.546 1908.04 1904.334 1902.068 1899.966 1898.488 1895.422 1893.362 1894.343 1891.911 -9999 -9999 -9999 -9999 -9999 -9999 -9999 -9999 -9999 -9999 -9999 -9999 -9999 -9999 -9999 -9999 -9999 -9999 -9999 -9999 -9999 -9999 -9999 -9999 -9999 -9999 -9999 -9999
2346.632 2312.809 2270.879 2234.08 2204.385 2171.646 2140.896 2127.825 2113.047 2088.407 2070.841 2057.256 2055.255 2042.295 2030.806 2017.724 1986.25 1969.08 1955.126 1948.927 1934.724 1922.616 1912.088 1903.823 1908.878 1903.663 1909.344 1907.542 1906.819 1905.412 1901.946 1899.957 1898.69 1895.454 1894.816 1894.493 1891.627 1889.873 1891.911 1892.363 1888.989 -9999 -9999 -9999 -9999 -9999 -9999 -9999 -9999 -9999 -9999 -9999 -9999 -9999 -9999 -9999 -9999 -9999 -9999 -9999 -9999 -9999 -9999 -9999 -9999 -9999 -9999 -9999
2348.894 2312.795 2280.068 2252.545 2215.795 2187.001 2159.595 2138.905 2112.415 2093.301 2077.696 2057.826 2042.717 2038.604 2016.007 2004.819 2009.111 2003.161 1984.299 1968.858 1955.255 1941.209 1924.062 1904.064 1888.439 1885.415 1897.648 1897.801 1900.876 1896.341 1894.554 1893.667 1891.058 1889.609 1891.546 1889.025 1885.703 1885.724 1886.702 1889.257 1888.637 1887.855 1887.186 -9999 -9999 -9999 -9999 -9999 -9999 -9999 -9999 -9999 -9999 -9999 -9999 -9999 -9999 -9999 -9999 -9999 -9999 -9999 -9999 -9999 -9999 -9999 -9999 -9999
2350.869 2315.509 2278.981 2245.627 2206.856 2182.441 2162.103 2140.617 2111.281 2094.749 2082.834 2058.425 2052.545 2037.895 2035.794 2026.929 2016.962 2005.62 1992.856 1975.191 1959.682 1944.374 1929.987 1915.056 1908.384 1886.078 1870.899 1874.582 1883.264 1886.001 1886.222 1887.63 1886.269 1886.143 1885.747 1884.265 1881.628 1884.495 1884.425 1886.451 1887.383 1887.569 1886.398 1885.237 -9999 -9999 -9999 -9999 -9999 -9999 -9999 -9999 -9999 -9999 -9999 -9999 -9999 -9999 -9999 -9999 -9999 -9999 -9999 -9999 -9999 -9999 -9999 -9999
2355.292 2321.001 2286.034 2251.216 2218.96 2189.986 2165.676 2141.083 2119.32 2105.664 2090.037 2078.249 2069.291 2064.698 2057.929 2039.715 2021.193 2010.805 1994.612 1975.791 1960.155 1945.807 1931.248 1915.766 1905.444 1896.588 1887.573 1867.574 1853.651 1860.555 1868.603 1879.017 1879.223 1877.299 1880.242 1878.124 1876.764 1877.17 1881.661 1884.747 1883.756 1883.793 1883.862 1884.646 1882.703 -9999 -9999 -9999 -9999 -9999 -9999 -9999 -9999 -9999 -9999 -9999 -9999 -9999 -9999 -9999 -9999 -9999 -9999 -9999 -9999 -9999 -9999 -9999
2369.15 2334.745 2305.387 2270.869 2233.405 2213.468 2189.083 2161.719 2139.667 2121.069 2106.965 2095.487 2084.078 2074.941 2073.857 2048.817 2023.741 2011.589 1998.808 1980.766 1962.536 1950.264 1933.302 1918.332 1907.309 1894.747 1885.249 1879.157 1866.798 1843.928 1848.257 1868.275 1873.515 1873.026 1873.189 1872.171 1872.06 1870.415 1872.779 1879.825 1882.116 1883.772 1882.296 1883.41 1882.512 -9999 -9999 -9999 -9999 -9999 -9999 -9999 -9999 -9999 -9999 -9999 -9999 -9999 -9999 -9999 -9999 -9999 -9999 -9999 -9999 -9999 -9999 -9999
2392.713 2359.386 2325.153 2292.353 2262.446 2234.484 2208.276 2186.149 2164.057 2147.336 2132.212 2115.109 2096.264 2080.262 2072.262 2044.669 2017.784 2001.613 1994.661 1978.76 1959.949 1949.712 1935.442 1919.959 1906.034 1895.395 1884.672 1870.34 1864.492 1853.214 1831.09 1855.818 1866.396 1867.228 1864.242 1865.29 1863.81 1864.062 1866.336 1870.884 1878.262 1880.535 1880.42 1880.644 1880.148 -9999 -9999 -9999 -9999 -9999 -9999 -9999 -9999 -9999 -9999 -9999 -9999 -9999 -9999 -9999 -9999 -9999 -9999 -9999 -9999 -9999 -9999 -9999
2374.237 2371.62 2345.865 2312.941 2281.939 2255.458 2234.054 2213.177 2189.04 2169.37 2147.103 2124.847 2096.465 2075.27 2050.971 2028.837 2000.564 1983.026 1976.148 1966.341 1952.947 1943.503 1929.309 1917.543 1904.836 1895.812 1882.966 1867.795 1859.977 1845.391 1830.206 1837.89 1856.665 1855.81 1858.406 1860.597 1853.78 1854.165 1859.642 1863.162 1871.797 1875.877 1877.223 1877.229 1878.392 -9999 -9999 -9999 -9999 -9999 -9999 -9999 -9999 -9999 -9999 -9999 -9999 -9999 -9999 -9999 -9999 -9999 -9999 -9999 -9999 -9999 -9999 -9999
2343.501 2335.119 2325.378 2296.519 2254.22 2234.852 2218.578 2202.586 2180.688 2162.37 2142.452 2119.916 2091.966 2070.816 2046.958 2016.089 1974.665 1961.137 1946.884 1945.333 1940.546 1931.741 1923.771 1913.296 1901.987 1892.153 1881.737 1861.76 1848.304 1836.778 1825.136 1827.136 1843.685 1846.892 1855.378 1855.656 1843.743 1842.458 1850.916 1857.013 1864.165 1869.831 1872.469 1872.627 1873.173 -9999 -9999 -9999 -9999 -9999 -9999 -9999 -9999 -9999 -9999 -9999 -9999 -9999 -9999 -9999 -9999 -9999 -9999 -9999 -9999 -9999 -9999 -9999
2313.636 2300.62 2291.024 2266.24 2233.529 2201.834 2184.73 2171.67 2151.078 2135.546 2122.105 2106.083 2082.31 2061.114 2043.004 2011.736 1975.827 1943.815 1927.826 1926.441 1922.294 1918.631 1914.151 1906.501 1896.562 1888.362 1875.177 1863.205 1846.254 1831.667 1816.688 1812.944 1826.838 1836.703 1843.035 1842.378 1832.824 1835.085 1843.425 1851.047 1858.222 1864.201 1867.666 1867.171 1870.056 -9999 -9999 -9999 -9999 -9999 -9999 -9999 -9999 -9999 -9999 -9999 -9999 -9999 -9999 -9999 -9999 -9999 -9999 -9999 -9999 -9999 -9999 -9999
2280.456 2270.27 2256.984 2241.096 2207.986 2179.882 2151.185 2138.477 2119.178 2105.214 2093.213 2083.365 2066.59 2049.198 2031.953 2003.762 1966.885 1936.369 1906.347 1907.976 1905.103 1906.289 1903.652 1897.309 1891.34 1883.359 1870.082 1861.606 1848.097 1835.562 1817.134 1801.795 1810.846 1816.014 1825.518 1830.011 1823.331 1825.883 1835.276 1844.567 1852.274 1857.13 1860.373 1863.622 1866.585 -9999 -9999 -9999 -9999 -9999 -9999 -9999 -9999 -9999 -9999 -9999 -9999 -9999 -9999 -9999 -9999 -9999 -9999 -9999 -9999 -9999 -9999 -9999
2246.161 2241.381 2221.211 2213.434 2179.581 2156.42 2127.576 2103.033 2088.121 2074.816 2064.194 2055.919 2049.714 2035.162 2017.008 1986.486 1956.885 1930.731 1903.332 1888.357 1892.884 1890.375 1889.146 1888.326 1887.052 1878.75 1866.506 1855.85 1846.279 1838.569 1827.541 1804.58 1800.439 1801.516 1806.101 1816.37 1811.154 1816.208 1828.368 1836.898 1846.288 1849.894 1856.737 1860.958 1862.522 -9999 -9999 -9999 -9999 -9999 -9999 -9999 -9999 -9999 -9999 -9999 -9999 -9999 -9999 -9999 -9999 -9999 -9999 -9999 -9999 -9999 -9999 -9999
2204.843 2207.485 2186.683 2176.328 2149.991 2121.962 2092.695 2070.642 2059.766 2043.882 2031.016 2023.994 2024.686 2019.982 1999.643 1968.159 1938.884 1914.741 1895.093 1876.598 1871.655 1868.894 1869.536 1870.86 1872.308 1870.043 1863.864 1851.38 1842.254 1836.103 1830.756 1821.366 1785.149 1779.258 1786.679 1796.105 1795.494 1805.678 1819.426 1829.124 1841.109 1842.357 1847.3 1855.486 1857.358 -9999 -9999 -9999 -9999 -9999 -9999 -9999 -9999 -9999 -9999 -9999 -9999 -9999 -9999 -9999 -9999 -9999 -9999 -9999 -9999 -9999 -9999 -9999
2169.052 2171.601 2161.828 2143.252 2121.852 2099.394 2067.695 2042.712 2032.997 2014.911 2006.764 1999.211 2000.532 1999.689 1978.831 1952.543 1922.77 1904.618 1885.58 1869.835 1859.811 1853.058 1850.456 1853.092 1854.791 1856.661 1857.492 1844.387 1830.78 1823.969 1821.036 1819.431 1807.335 1787.801 1768.882 1774.608 1786.454 1797.159 1812.637 1823.839 1834.011 1839.097 1842.006 1849.024 1852.899 1854.571 -9999 -9999 -9999 -9999 -9999 -9999 -9999 -9999 -9999 -9999 -9999 -9999 -9999 -9999 -9999 -9999 -9999 -9999 -9999 -9999 -9999 -9999
2136.294 2137.687 2134.528 2115.518 2094.448 2074.812 2053.078 2031.207 2004.542 1990.138 1985.255 1979.064 1976.524 1973.006 1955.962 1933.818 1910.168 1890.891 1875.018 1862.665 1852.829 1845.97 1838.499 1836.008 1838.228 1839.353 1830.526 1822.92 1814.076 1811.255 1810.131 1811.541 1807.581 1799.38 1785.761 1761.997 1765.426 1784.307 1802.025 1816.673 1824.881 1832.113 1838.457 1845.127 1849.179 1848.735 1846.842 -9999 -9999 -9999 -9999 -9999 -9999 -9999 -9999 -9999 -9999 -9999 -9999 -9999 -9999 -9999 -9999 -9999 -9999 -9999 -9999 -9999
2112.521 2099.73 2105.684 2096.54 2070.154 2049.79 2029.205 2007.083 1984.166 1973.282 1962.442 1952.785 1950.476 1945.982 1931.923 1914.078 1896.618 1880.301 1866.996 1857.473 1848.75 1840.011 1833.35 1827.948 1821.597 1817.918 1809.714 1801.787 1798.99 1800.881 1802.897 1805.325 1807.872 1804.008 1790.524 1773.477 1749.58 1764.871 1788.174 1808.666 1816.672 1826.21 1831.489 1841.029 1845.896 1843.164 1840.855 1834.975 -9999 -9999 -9999 -9999 -9999 -9999 -9999 -9999 -9999 -9999 -9999 -9999 -9999 -9999 -9999 -9999 -9999 -9999 -9999 -9999
2123.492 2092.091 2068.11 2064.341 2047.885 2034.233 2014.774 1991.74 1975.765 1964.443 1951.563 1939.776 1926.011 1914.083 1907.634 1898.456 1886.885 1876.598 1868.169 1858.638 1847.364 1839.125 1830.802 1822.829 1813.921 1808.676 1802.369 1795.294 1788.762 1788.283 1791.465 1797.567 1800.028 1802.028 1797.714 1784.401 1751.673 1748.941 1776.022 1793.083 1807.845 1815.416 1823.636 1829.37 1836.096 1833.755 1829.326 1824.663 1818.721 -9999 -9999 -9999 -9999 -9999 -9999 -9999 -9999 -9999 -9999 -9999 -9999 -9999 -9999 -9999 -9999 -9999 -9999 -9999
2118.174 2098.058 2079.929 2057.226 2032.744 2020.96 2006.337 1993.686 1991.943 1993.323 1977.914 1955.571 1940.002 1921.249 1911.162 1894.753 1883.215 1873.516 1865.023 1856.737 1846.24 1837.762 1829.805 1821.605 1812.394 1804.93 1797.796 1792.955 1786.054 1780.911 1783.479 1788.011 1792.873 1794.101 1792.962 1784.26 1752.984 1738.233 1763.243 1789.595 1797.816 1808.007 1815.069 1822.369 1827.802 1823.393 1820.056 1814.574 1806.126 1796.465 -9999 -9999 -9999 -9999 -9999 -9999 -9999 -9999 -9999 -9999 -9999 -9999 -9999 -9999 -9999 -9999 -9999 -9999
2118.035 2096.75 2069.87 2043.33 2045.337 2035.819 2028.541 2023.468 2014.403 1999.965 1977.497 1954.053 1934.626 1918.834 1907.243 1897.768 1885.2 1874.609 1865.918 1855.307 1842.931 1837.982 1831.239 1823.226 1811.826 1804.198 1795.967 1785.692 1777.398 1775.472 1769.048 1768.024 1775.829 1775.24 1774.199 1771.969 1747.796 1737.855 1765.077 1774.927 1788.964 1802.122 1810.918 1814.993 1817.831 1817.375 1810.623 1802.288 1792.007 1786.354 1785.863 -9999 -9999 -9999 -9999 -9999 -9999 -9999 -9999 -9999 -9999 -9999 -9999 -9999 -9999 -9999 -9999 -9999
2104.679 2083.705 2069.769 2076.579 2069.097 2057.862 2043.19 2031.732 2017.14 1998.942 1981.684 1958.147 1933.091 1915.381 1898.921 1891.539 1882.577 1873.429 1863.443 1854.408 1843.595 1834.257 1824.912 1819.079 1811.734 1804.352 1796.508 1788.999 1778.672 1770.996 1763.696 1759.098 1755.574 1757.224 1753.799 1750.042 1732.972 1735.422 1755.513 1760.168 1772.167 1786.119 1798.394 1805.143 1805.771 1806.573 1799.992 1790.494 1782.606 1779.728 1778.781 -9999 -9999 -9999 -9999 -9999 -9999 -9999 -9999 -9999 -9999 -9999 -9999 -9999 -9999 -9999 -9999 -9999
2108.701 2110.318 2109.2 2103.52 2084.21 2065.986 2049.406 2036.908 2017.862 1998.501 1978.06 1954.575 1932.453 1916.471 1893.581 1883.993 1875.293 1868.397 1860.35 1851.94 1841.643 1832.792 1824.194 1817.142 1808.858 1801.901 1791.771 1784.865 1778.402 1770.435 1761.381 1753.043 1745.783 1741.237 1738.122 1741.12 1725.07 1728.348 1732.721 1741.139 1754.25 1764.722 1778.64 1788.896 1791.881 1791.13 1784.053 1776.296 1775.919 1769.193 1765.753 -9999 -9999 -9999 -9999 -9999 -9999 -9999 -9999 -9999 -9999 -9999 -9999 -9999 -9999 -9999 -9999 -9999
2125.602 2120.455 2118.514 2108.775 2087.511 2068.141 2051.156 2034.48 2004.621 1982.807 1961.303 1940.058 1918.303 1904.33 1889.724 1883.285 1872.321 1865.122 1856.315 1849.123 1840.764 1832.47 1824.694 1817.395 1808.246 1796.129 1787.8 1781.746 1773.973 1767.549 1767.434 1761.6 1757.86 1748.772 1730.68 1726.473 1724.003 1712.762 1706.145 1711.238 1724.121 1742.257 1752.936 1763.284 1773.557 1775.751 1771.303 1768.774 1764.259 1760.389 1758.863 -9999 -9999 -9999 -9999 -9999 -9999 -9999 -9999 -9999 -9999 -9999 -9999 -9999 -9999 -9999 -9999 -9999
2136.86 2126.475 2124.049 2101.894 2079.417 2061.888 2042.209 2022.593 1995.225 1970.853 1947.822 1929.698 1913.074 1902.605 1892.26 1885.933 1874.33 1866.537 1856.571 1847.412 1838.458 1831.89 1821.188 1811.484 1803.986 1804.554 1802.582 1799.374 1793.601 1789.531 1780.316 1772.729 1766.228 1756.987 1745.482 1728.119 1715.522 1708.133 1702.411 1697.269 1691.771 1714.631 1721.137 1732.702 1751.502 1758.128 1761.456 1762.391 1755.301 1753.703 1755.125 1744.766 -9999 -9999 -9999 -9999 -9999 -9999 -9999 -9999 -9999 -9999 -9999 -9999 -9999 -9999 -9999 -9999
2143.794 2127.636 2116.017 2092.436 2070.475 2051.27 2030.888 2012 1989.114 1966.094 1943.021 1927.427 1913.703 1906.514 1900.052 1891.188 1871.453 1864.879 1854.648 1846.345 1840.047 1828.289 1823 1824.138 1819.914 1817.378 1813.189 1808.889 1802.259 1796.766 1787.776 1781.743 1774.201 1765.144 1758.426 1747.835 1731.055 1717.188 1710.105 1701.927 1690.912 1686.353 1688.098 1701.248 1720.45 1742.496 1749.265 1749.124 1747.979 1750.257 1743.873 1733.513 1723.332 -9999 -9999 -9999 -9999 -9999 -9999 -9999 -9999 -9999 -9999 -9999 -9999 -9999 -9999 -9999
2139.957 2118.814 2103.029 2081.364 2059.773 2037.574 2023.083 2004.854 1981.54 1958.156 1944.371 1937.936 1922.933 1911.97 1904.917 1890.193 1870.793 1862.615 1857.136 1850.605 1837.999 1841.68 1841.748 1836.982 1831.131 1827.568 1823.527 1819.383 1812.66 1804.463 1798.137 1793.447 1783.378 1775.58 1767.67 1759.885 1746.662 1738.467 1728.952 1719.613 1704.421 1691.276 1680.431 1676.104 1678.025 1712.706 1722.379 1732.373 1726.875 1736.612 1729.926 1719.8 1711.39 1703.541 -9999 -9999 -9999 -9999 -9999 -9999 -9999 -9999 -9999 -9999 -9999 -9999 -9999 -9999
2127.43 2109.174 2088.361 2071.633 2052.642 2035.375 2018.562 2002.785 1976.265 1970.104 1957.913 1947.515 1926.261 1907.659 1898.512 1883.777 1867.098 1860.961 1853.513 1849.453 1854.061 1849.814 1848.785 1844.229 1838.535 1835.351 1829.742 1822.704 1819.32 1813.874 1805.984 1799.8 1791.537 1783.46 1776.608 1767.677 1759.572 1749.887 1740.407 1729.625 1717.898 1703.549 1689.483 1679.572 1670.399 1665.795 1667.725 1687.728 1697.364 1721.468 1713.824 1707.311 1699.966 1690.269 1685.901 -9999 -9999 -9999 -9999 -9999 -9999 -9999 -9999 -9999 -9999 -9999 -9999 -9999
