data/Slope_MC50m_QGIS.asc
ncols        164
nrows        164
xllcorner    623445.000000000000
yllcorner    5642972.000000000000
cellsize     50.000000000000
NODATA_value  -9999
[rows 66 to 87 of 164, columns 49 to 97 of 164]
-9999 -9999 -9999 -9999 24.299558639526367188 33.703105926513671875 37.231121063232421875 36.048065185546875 34.146320343017578125 34.75933837890625 35.48325347900390625 28.357234954833984375 29.710987091064453125 32.050884246826171875 28.206312179565429688 20.472299575805664063 30.275737762451171875 34.72537994384765625 37.021877288818359375 37.373348236083984375 35.549968719482421875 34.100818634033203125 33.948333740234375 32.8375701904296875 29.383470535278320313 25.808938980102539063 24.0838623046875 23.891231536865234375 19.53874969482421875 19.540155410766601563 16.227025985717773438 10.54206085205078125 13.339082717895507813 14.595813751220703125 13.259630203247070313 17.980989456176757813 23.765453338623046875 24.530202865600585938 21.856660842895507813 20.4431915283203125 19.747823715209960938 19.341867446899414063 14.574954986572265625 9.4865131378173828125 10.814311981201171875 17.820526123046875 17.868452072143554688 13.993650436401367188 11.233611106872558594
-9999 -9999 -9999 4.3045058250427246094 23.4338531494140625 38.4846954345703125 37.8869781494140625 36.50876617431640625 32.83072662353515625 32.21317291259765625 34.462345123291015625 31.3467559814453125 30.098659515380859375 34.7318572998046875 34.232875823974609375 27.210453033447265625 21.740182876586914063 31.749670028686523438 37.681324005126953125 37.965541839599609375 35.310466766357421875 34.06396484375 34.573902130126953125 32.34111785888671875 26.515781402587890625 24.403362274169921875 26.09891510009765625 23.637760162353515625 17.828449249267578125 20.205877304077148438 19.420934677124023438 17.227930068969726563 19.329931259155273438 22.513919830322265625 20.317394256591796875 13.904459953308105469 14.908447265625 18.630367279052734375 18.400346755981445313 16.851511001586914063 16.879201889038085938 17.94019317626953125 16.03328704833984375 15.562722206115722656 12.490532875061035156 7.9326915740966796875 16.423580169677734375 21.937551498413085938 19.985834121704101563
-9999 -9999 -9999 13.584902763366699219 23.883069992065429688 36.913211822509765625 38.00177764892578125 36.36597442626953125 34.572444915771484375 33.229030609130859375 34.744663238525390625 34.3426361083984375 30.042493820190429688 32.793895721435546875 36.43952178955078125 35.088207244873046875 26.372158050537109375 22.191558837890625 34.975955963134765625 38.11612701416015625 35.612369537353515625 35.9540252685546875 36.580902099609375 33.67552947998046875 29.600294113159179688 28.6804962158203125 28.393045425415039063 25.258548736572265625 21.72003936767578125 21.990060806274414063 21.881168365478515625 20.954647064208984375 20.811656951904296875 21.886051177978515625 22.750675201416015625 17.159051895141601563 14.726500511169433594 18.438055038452148438 19.26345062255859375 17.026727676391601563 16.451204299926757813 17.008401870727539063 13.981347084045410156 12.8772430419921875 14.04754638671875 13.345053672790527344 10.517779350280761719 11.303838729858398438 19.20261383056640625
-9999 -9999 17.260089874267578125 21.618072509765625 28.209344863891601563 35.02773284912109375 35.82707977294921875 34.2127685546875 35.019725799560546875 35.596439361572265625 35.86420440673828125 34.63494110107421875 32.0984954833984375 27.446847915649414063 33.64836883544921875 36.608890533447265625 32.7813873291015625 21.319807052612304688 22.305057525634765625 35.422748565673828125 37.378360748291015625 37.599422454833984375 38.621673583984375 36.00711822509765625 33.3134002685546875 33.63909912109375 32.979248046875 30.437694549560546875 27.937595367431640625 26.22013092041015625 23.727209091186523438 19.163211822509765625 12.876277923583984375 17.102993011474609375 25.708066940307617188 20.158018112182617188 14.294310569763183594 16.655809402465820313 19.523387908935546875 16.72682952880859375 15.70892333984375 17.321630477905273438 15.110073089599609375 12.817762374877929688 11.78914642333984375 12.045459747314453125 12.952180862426757813 13.514262199401855469 9.8204832077026367188
-9999 15.469666481018066406 22.298675537109375 27.678539276123046875 31.9846343994140625 35.09381866455078125 33.056003570556640625 30.692998886108398438 32.738361358642578125 36.29692840576171875 37.532562255859375 36.116214752197265625 34.765865325927734375 30.172079086303710938 27.723073959350585938 35.57357025146484375 35.57222747802734375 31.28043365478515625 20.192686080932617188 19.29756927490234375 32.68747711181640625 37.085918426513671875 38.086132049560546875 36.24590301513671875 33.802982330322265625 33.481842041015625 33.919284820556640625 32.646823883056640625 30.101823806762695313 27.416387557983398438 24.59502410888671875 20.562368392944335938 14.598961830139160156 21.54543304443359375 29.515645980834960938 25.867792129516601563 19.353668212890625 17.797016143798828125 19.626867294311523438 16.504686355590820313 14.765813827514648438 16.49158477783203125 15.320021629333496094 13.300442695617675781 12.228872299194335938 13.345123291015625 12.376421928405761719 13.340195655822753906 16.329189300537109375
13.176247596740722656 20.15296173095703125 26.799839019775390625 30.878778457641601563 35.60776519775390625 36.27135467529296875 34.144390106201171875 31.36681365966796875 31.607080459594726563 36.8068695068359375 39.10021209716796875 36.83892822265625 34.625274658203125 34.604091644287109375 26.694728851318359375 31.265552520751953125 37.41326141357421875 35.306545257568359375 32.099712371826171875 24.991296768188476563 23.341999053955078125 29.233051300048828125 33.196422576904296875 30.413425445556640625 24.891693115234375 22.946178436279296875 24.492969512939453125 24.081544876098632813 22.311552047729492188 22.857786178588867188 25.214982986450195313 24.65254974365234375 22.683149337768554688 26.965021133422851563 33.017284393310546875 31.498308181762695313 26.415096282958984375 24.717699050903320313 21.806440353393554688 17.515666961669921875 15.516848564147949219 15.511940956115722656 14.609731674194335938 12.812206268310546875 12.189761161804199219 15.758608818054199219 14.841470718383789063 14.595053672790527344 17.807756423950195313
16.66851043701171875 23.50640869140625 28.03237152099609375 31.998632431030273438 35.810771942138671875 35.381679534912109375 33.9888458251953125 32.048801422119140625 30.980037689208984375 35.077991485595703125 38.57794189453125 36.763759613037109375 34.380645751953125 34.93390655517578125 34.157276153564453125 26.641202926635742188 35.333545684814453125 34.01284027099609375 32.359577178955078125 32.08107757568359375 34.197998046875 35.38067626953125 39.43573760986328125 38.18889617919921875 33.52558135986328125 30.678892135620117188 29.8885345458984375 28.8592376708984375 26.211757659912109375 25.306200027465820313 27.270305633544921875 26.820903778076171875 24.459150314331054688 27.768987655639648438 34.075595855712890625 31.736164093017578125 26.370513916015625 25.12908172607421875 22.304105758666992188 19.125192642211914063 16.139675140380859375 14.041958808898925781 13.627683639526367188 12.587149620056152344 12.584280014038085938 16.338205337524414063 17.050739288330078125 15.846172332763671875 16.56591033935546875
18.027690887451171875 24.948545455932617188 28.429349899291992188 31.78525543212890625 33.315891265869140625 31.931901931762695313 31.607107162475585938 31.140575408935546875 29.273920059204101563 29.96289825439453125 36.450687408447265625 37.45000457763671875 34.251495361328125 34.4093780517578125 37.8182525634765625 25.503664016723632813 29.055440902709960938 33.09828948974609375 31.89287567138671875 31.941473007202148438 34.527050018310546875 36.042438507080078125 39.160984039306640625 38.94399261474609375 36.26232147216796875 35.665050506591796875 36.076702117919921875 35.4175262451171875 32.6263885498046875 29.715482711791992188 28.2966461181640625 27.090465545654296875 24.107305526733398438 27.581127166748046875 34.588695526123046875 33.37508392333984375 27.55159759521484375 22.234560012817382813 20.787149429321289063 18.934400558471679688 15.6316680908203125 13.584642410278320313 13.151455879211425781 11.99028778076171875 13.121605873107910156 15.031835556030273438 15.896364212036132813 15.922917366027832031 15.876069068908691406
20.544940948486328125 26.5611572265625 30.26810455322265625 32.70554351806640625 32.17108917236328125 31.014408111572265625 31.152856826782226563 30.964311599731445313 29.34943389892578125 28.282732009887695313 33.021270751953125 36.88677978515625 35.1284332275390625 34.768886566162109375 36.3673858642578125 30.450250625610351563 25.953014373779296875 34.79433441162109375 34.123668670654296875 33.047412872314453125 34.281093597412109375 34.90619659423828125 37.092739105224609375 38.597667694091796875 36.36484527587890625 35.234539031982421875 36.09502410888671875 35.647159576416015625 33.427883148193359375 31.455442428588867188 28.705142974853515625 25.964094161987304688 24.151845932006835938 28.288293838500976563 34.465488433837890625 33.96669769287109375 30.248233795166015625 21.014316558837890625 18.182355880737304688 17.4185791015625 15.629950523376464844 14.259145736694335938 11.801529884338378906 10.299841880798339844 13.001822471618652344 13.736544609069824219 13.49619293212890625 14.158593177795410156 15.769680976867675781
25.860750198364257813 29.627832412719726563 32.069553375244140625 32.475315093994140625 31.007020950317382813 31.710348129272460938 32.698337554931640625 32.44532012939453125 31.230894088745117188 30.467157363891601563 31.070245742797851563 33.54392242431640625 34.634769439697265625 34.819416046142578125 35.447307586669921875 35.733348846435546875 26.104009628295898438 34.24108123779296875 37.40018463134765625 35.923366546630859375 35.6120758056640625 36.153690338134765625 37.61920166015625 39.62400054931640625 38.542804718017578125 38.14939117431640625 36.085666656494140625 34.40854644775390625 33.517856597900390625 32.789363861083984375 30.036930084228515625 25.3988189697265625 24.5043792724609375 30.298379898071289063 34.897052764892578125 32.867191314697265625 29.571016311645507813 22.914228439331054688 16.26776885986328125 18.749086380004882813 19.644208908081054688 18.332916259765625 14.966722488403320313 11.983014106750488281 12.376032829284667969 13.146005630493164063 12.696515083312988281 11.149423599243164063 11.368737220764160156
29.518947601318359375 31.421236038208007813 32.601932525634765625 31.369844436645507813 29.374767303466796875 31.06620025634765625 32.623653411865234375 32.33386993408203125 31.183422088623046875 30.590396881103515625 30.169706344604492188 30.05702972412109375 30.90982818603515625 33.78426361083984375 36.398220062255859375 37.2157745361328125 27.865266799926757813 26.561199188232421875 35.871334075927734375 36.941516876220703125 35.414920806884765625 35.4337615966796875 36.91808319091796875 38.71707916259765625 38.659816741943359375 38.531818389892578125 34.42115020751953125 32.535923004150390625 32.6287384033203125 31.292043685913085938 29.089893341064453125 25.714887619018554688 25.37052154541015625 31.701028823852539063 34.601459503173828125 31.645977020263671875 27.303081512451171875 23.401729583740234375 16.822053909301757813 17.440069198608398438 20.231210708618164063 20.548875808715820313 19.498231887817382813 16.972721099853515625 12.985552787780761719 12.5407562255859375 14.28917694091796875 12.538929939270019531 10.2882843017578125
31.659793853759765625 32.35375213623046875 32.22249603271484375 30.214788436889648438 28.089807510375976563 29.161724090576171875 30.410427093505859375 29.72625732421875 28.457942962646484375 28.099811553955078125 28.1521453857421875 28.338300704956054688 29.09307861328125 31.611148834228515625 34.97910308837890625 35.203582763671875 31.752178192138671875 23.823133468627929688 26.149272918701171875 33.46395111083984375 33.280857086181640625 32.963993072509765625 34.775920867919921875 35.497650146484375 35.049591064453125 33.64714813232421875 29.906969070434570313 30.764993667602539063 30.053098678588867188 26.5832672119140625 24.918750762939453125 25.226413726806640625 27.250108718872070313 32.064971923828125 33.0474853515625 29.280811309814453125 24.3653717041015625 21.391580581665039063 16.421977996826171875 13.277959823608398438 14.30089569091796875 16.7140350341796875 18.6858978271484375 18.527433395385742188 17.906324386596679688 19.193861007690429688 20.512491226196289063 17.864000320434570313 14.642580986022949219
34.465862274169921875 33.2973480224609375 31.911258697509765625 30.46929168701171875 28.688449859619140625 28.603769302368164063 29.673555374145507813 28.683837890625 27.339994430541992188 27.102569580078125 27.617189407348632813 27.841182708740234375 28.17684173583984375 29.379650115966796875 31.629674911499023438 31.584566116333007813 30.588758468627929688 30.590810775756835938 23.623016357421875 26.964569091796875 32.722743988037109375 31.280687332153320313 32.46044921875 33.383029937744140625 33.004512786865234375 31.721221923828125 30.70024871826171875 29.510166168212890625 26.16149139404296875 24.94809722900390625 25.477228164672851563 26.690160751342773438 28.809040069580078125 31.34857177734375 30.601934432983398438 26.938814163208007813 22.524404525756835938 18.762777328491210938 14.544024467468261719 11.676015853881835938 10.777455329895019531 11.191471099853515625 14.157828330993652344 18.039794921875 21.845178604125976563 25.080646514892578125 24.126672744750976563 18.876058578491210938 13.6419677734375
35.17862701416015625 33.591800689697265625 32.731487274169921875 32.0923004150390625 31.169771194458007813 30.735582351684570313 30.84755706787109375 29.571119308471679688 27.523406982421875 26.728559494018554688 27.39130401611328125 27.955198287963867188 28.198873519897460938 28.665777206420898438 30.134929656982421875 30.244104385375976563 28.79851531982421875 29.319227218627929688 29.406492233276367188 24.274578094482421875 24.766580581665039063 30.584224700927734375 32.23572540283203125 31.731298446655273438 29.691310882568359375 30.144319534301757813 29.891925811767578125 24.602705001831054688 19.704303741455078125 20.931980133056640625 23.373668670654296875 27.0595855712890625 29.8605499267578125 29.3347320556640625 26.296552658081054688 22.247201919555664063 17.672304153442382813 13.666696548461914063 11.592502593994140625 10.53632354736328125 9.5481510162353515625 8.7529144287109375 10.082958221435546875 13.696868896484375 16.91927337646484375 18.049215316772460938 16.739528656005859375 14.477459907531738281 12.70269775390625
32.98007965087890625 32.62140655517578125 32.437961578369140625 32.478298187255859375 32.1413726806640625 31.6772308349609375 31.180536270141601563 29.357389450073242188 26.68242645263671875 25.612234115600585938 26.20156097412109375 27.26976776123046875 27.82999420166015625 28.194675445556640625 29.986499786376953125 30.152616500854492188 27.966089248657226563 26.907506942749023438 27.02935028076171875 26.97490692138671875 21.504364013671875 18.76123809814453125 25.151941299438476563 26.83611297607421875 24.012086868286132813 24.011974334716796875 19.75966644287109375 12.883547782897949219 14.751787185668945313 16.734991073608398438 14.242799758911132813 14.3017730712890625 16.250085830688476563 17.2159271240234375 17.689092636108398438 15.644448280334472656 12.68392181396484375 10.812211036682128906 11.153424263000488281 10.742391586303710938 9.3429107666015625 8.9227476119995117188 9.6302242279052734375 9.468387603759765625 9.70189666748046875 10.118000984191894531 9.2844572067260742188 8.6658649444580078125 10.288209915161132813
30.899881362915039063 30.81890869140625 31.09941864013671875 31.438180923461914063 30.965259552001953125 30.098848342895507813 29.044948577880859375 26.829347610473632813 24.2247772216796875 23.602167129516601563 25.66876983642578125 26.616014480590820313 26.439645767211914063 27.365423202514648438 29.359926223754882813 28.791133880615234375 25.460672378540039063 23.978607177734375 22.576192855834960938 23.123411178588867188 24.24261474609375 22.212503433227539063 19.997110366821289063 15.754808425903320313 14.537165641784667969 17.376951217651367188 19.532838821411132813 20.98635101318359375 22.085216522216796875 23.98651885986328125 21.485361099243164063 18.58954620361328125 14.701251983642578125 12.645621299743652344 13.867182731628417969 12.366417884826660156 10.5922088623046875 10.134202957153320313 11.646306037902832031 10.753686904907226563 8.733158111572265625 9.0016870498657226563 10.082034111022949219 9.5147418975830078125 8.4238767623901367188 8.8069972991943359375 9.4835309982299804688 8.6982049942016601563 8.5834522247314453125
30.294214248657226563 29.691066741943359375 30.017492294311523438 29.822835922241210938 29.124446868896484375 28.081945419311523438 26.729993820190429688 24.8381195068359375 22.411108016967773438 21.823421478271484375 24.476940155029296875 24.57186126708984375 23.927949905395507813 25.167276382446289063 26.21625518798828125 25.355390548706054688 21.668722152709960938 19.601854324340820313 19.933986663818359375 22.086843490600585938 23.916049957275390625 21.250448226928710938 16.257297515869140625 20.145069122314453125 23.058271408081054688 22.773160934448242188 21.092967987060546875 17.168893814086914063 17.963586807250976563 23.158357620239257813 23.298984527587890625 20.369371414184570313 16.930109024047851563 13.816653251647949219 12.743184089660644531 12.104746818542480469 10.748058319091796875 10.566088676452636719 12.006442070007324219 10.565653800964355469 8.5704975128173828125 8.9322271347045898438 9.9568929672241210938 9.8704729080200195313 8.757602691650390625 9.192478179931640625 9.7519512176513671875 8.2562732696533203125 8.2716732025146484375
29.037549972534179688 28.747287750244140625 28.733165740966796875 27.962621688842773438 26.907894134521484375 25.6776123046875 24.583066940307617188 23.522602081298828125 22.151975631713867188 21.486248016357421875 22.263196945190429688 22.741640090942382813 20.826185226440429688 19.981466293334960938 21.092803955078125 21.128177642822265625 17.221616744995117188 16.92549896240234375 19.491228103637695313 17.976121902465820313 18.087060928344726563 22.981584548950195313 27.13439178466796875 25.0850830078125 21.611917495727539063 17.579303741455078125 15.4265289306640625 17.859226226806640625 20.257108688354492188 23.198560714721679688 24.898952484130859375 21.674839019775390625 18.798089981079101563 15.398020744323730469 12.562243461608886719 11.981060028076171875 10.989535331726074219 10.848196029663085938 11.656106948852539063 10.975946426391601563 9.79969024658203125 9.34758758544921875 9.2307691574096679688 9.2733221054077148438 9.1570892333984375 9.5424890518188476563 9.6180133819580078125 8.6397504806518554688 8.2221460342407226563
25.768045425415039063 26.430101394653320313 26.538753509521484375 25.316709518432617188 23.218173980712890625 21.538370132446289063 21.32231903076171875 21.35086822509765625 20.831781387329101563 20.8140411376953125 20.676340103149414063 20.508810043334960938 18.203334808349609375 16.01725006103515625 16.965267181396484375 17.676805496215820313 13.910303115844726563 13.596083641052246094 15.109979629516601563 15.021916389465332031 20.420831680297851563 22.972127914428710938 21.1605224609375 21.314403533935546875 19.286672592163085938 16.889612197875976563 18.736438751220703125 22.512918472290039063 23.178436279296875 25.065660476684570313 26.1322479248046875 22.47357177734375 20.286668777465820313 16.189672470092773438 11.169936180114746094 10.893457412719726563 10.394983291625976563 10.400837898254394531 10.709774017333984375 10.781802177429199219 9.9214572906494140625 8.7654933929443359375 8.6303234100341796875 9.729534149169921875 10.687641143798828125 10.174318313598632813 9.191928863525390625 9.1297559738159179688 7.9850268363952636719
22.005475997924804688 22.282474517822265625 21.60250091552734375 19.6103668212890625 17.082279205322265625 16.246826171875 17.159982681274414063 17.431341171264648438 16.666027069091796875 16.110872268676757813 14.771165847778320313 13.874190330505371094 13.632448196411132813 14.468571662902832031 16.517223358154296875 15.079998970031738281 11.404549598693847656 13.49074554443359375 17.126880645751953125 16.024433135986328125 11.2884521484375 9.9782648086547851563 18.237529754638671875 21.745061874389648438 20.067613601684570313 19.239625930786132813 24.380474090576171875 27.95143890380859375 27.106527328491210938 27.091259002685546875 25.8472900390625 21.44244384765625 17.547414779663085938 13.006546974182128906 10.070981025695800781 10.112621307373046875 9.26690673828125 9.7877740859985351563 9.8964366912841796875 9.7861776351928710938 9.5554647445678710938 9.562976837158203125 9.674663543701171875 9.3620214462280273438 8.5921239852905273438 9.0983152389526367188 10.530229568481445313 11.707040786743164063 11.906443595886230469
20.931444168090820313 19.49053955078125 16.419675827026367188 13.452669143676757813 11.967807769775390625 12.727211952209472656 13.349726676940917969 12.862769126892089844 11.286342620849609375 9.4744024276733398438 7.8955645561218261719 8.20609283447265625 10.194957733154296875 14.45328521728515625 16.781110763549804688 13.315253257751464844 14.516087532043457031 16.013057708740234375 15.193515777587890625 14.453619003295898438 9.58441162109375 13.64177703857421875 23.489116668701171875 23.658458709716796875 22.574907302856445313 23.182010650634765625 26.49132537841796875 28.031263351440429688 26.115915298461914063 23.8088226318359375 20.526296615600585938 15.715893745422363281 11.923417091369628906 10.784643173217773438 12.088979721069335938 11.787688255310058594 9.7031450271606445313 10.350928306579589844 9.4880352020263671875 9.4093217849731445313 9.7189664840698242188 8.5368967056274414063 8.3652524948120117188 9.4041156768798828125 11.999129295349121094 14.653264045715332031 16.186162948608398438 16.95435333251953125 16.32575225830078125
21.209766387939453125 16.481500625610351563 12.27028656005859375 10.659655570983886719 10.708458900451660156 11.039612770080566406 10.172553062438964844 9.2690258026123046875 7.5369887351989746094 5.6077284812927246094 5.3885502815246582031 5.7985291481018066406 7.295795440673828125 12.950430870056152344 16.263645172119140625 17.276514053344726563 15.934412002563476563 14.25164794921875 14.075349807739257813 16.106679916381835938 15.431727409362792969 20.543565750122070313 26.191188812255859375 24.963994979858398438 23.781368255615234375 23.1022491455078125 24.835874557495117188 26.431705474853515625 24.442079544067382813 19.184572219848632813 16.3148193359375 14.300237655639648438 11.025943756103515625 11.215870857238769531 15.465077400207519531 14.011887550354003906 9.3581151962280273438 9.6765527725219726563 9.4765110015869140625 8.7755823135375976563 8.8082036972045898438 11.77631378173828125 14.626563072204589844 14.982945442199707031 13.598687171936035156 12.703775405883789063 12.712930679321289063 12.403899192810058594 12.35610198974609375
