data/Slope_MC50m_QGIS.asc
ncols        164
nrows        164
xllcorner    623445.000000000000
yllcorner    5642972.000000000000
cellsize     50.000000000000
NODATA_value  -9999
[rows 88 to 109 of 164, columns 49 to 97 of 164]
16.649181365966796875 10.547946929931640625 6.855804443359375 5.826488494873046875 6.6747994422912597656 8.0420751571655273438 8.9776592254638671875 9.2125310897827148438 9.1742496490478515625 9.0567255020141601563 9.97722625732421875 11.223563194274902344 12.283100128173828125 15.365422248840332031 16.501735687255859375 14.334513664245605469 13.268190383911132813 13.963430404663085938 17.47791290283203125 21.545379638671875 22.087581634521484375 23.669818878173828125 25.294580459594726563 24.2484893798828125 21.74753570556640625 20.05704498291015625 23.358308792114257813 23.597791671752929688 19.181200027465820313 16.051725387573242188 17.213581085205078125 16.943264007568359375 11.112543106079101563 11.762175559997558594 17.994131088256835938 14.8674163818359375 8.4219217300415039063 7.709564208984375 7.9277334213256835938 9.0252552032470703125 11.882414817810058594 13.377871513366699219 12.868386268615722656 11.697659492492675781 10.961520195007324219 10.613127708435058594 10.60311126708984375 11.657589912414550781 12.6514129638671875
8.9829235076904296875 8.234668731689453125 10.880006790161132813 15.73986053466796875 22.138868331909179688 26.306684494018554688 27.341892242431640625 26.752162933349609375 26.024936676025390625 24.861965179443359375 23.4315948486328125 21.347934722900390625 17.762952804565429688 14.515376091003417969 13.127953529357910156 13.272684097290039063 16.93953704833984375 20.459514617919921875 23.5333709716796875 24.975351333618164063 24.639148712158203125 24.404798507690429688 23.323535919189453125 21.653972625732421875 19.434690475463867188 18.736391067504882813 22.611194610595703125 20.374238967895507813 13.067411422729492188 12.634228706359863281 17.355993270874023438 20.5931854248046875 15.551183700561523438 14.448574066162109375 16.063848495483398438 11.850399017333984375 8.056446075439453125 9.1209850311279296875 11.621411323547363281 12.918062210083007813 10.622296333312988281 8.48541259765625 9.19258880615234375 8.8509149551391601563 8.3688859939575195313 8.8240480422973632813 8.4303951263427734375 8.5128622055053710938 10.520087242126464844
10.285951614379882813 14.036307334899902344 20.729146957397460938 26.890321731567382813 30.104022979736328125 30.586839675903320313 29.377992630004882813 25.954860687255859375 21.788736343383789063 17.589128494262695313 13.356842041015625 11.879408836364746094 12.470698356628417969 15.050595283508300781 19.297275543212890625 22.548736572265625 24.459659576416015625 24.976064682006835938 25.840002059936523438 26.05748748779296875 25.820285797119140625 24.729799270629882813 22.854831695556640625 22.752277374267578125 22.740434646606445313 20.811855316162109375 19.116703033447265625 17.980463027954101563 14.569416046142578125 17.190698623657226563 21.965274810791015625 21.348388671875 14.796802520751953125 12.263552665710449219 10.290966033935546875 9.8723621368408203125 13.138590812683105469 15.165976524353027344 14.705356597900390625 12.498339653015136719 10.570188522338867188 8.931041717529296875 8.4036998748779296875 7.5120234489440917969 6.7826972007751464844 7.961894989013671875 8.204708099365234375 6.3483881950378417969 8.072750091552734375
17.172330856323242188 23.217180252075195313 25.782939910888671875 24.26438140869140625 17.542387008666992188 12.728479385375976563 13.8881683349609375 14.0389251708984375 13.904131889343261719 15.871579170227050781 19.04668426513671875 21.589229583740234375 23.329359054565429688 24.65625762939453125 26.58420562744140625 27.945037841796875 26.748609542846679688 25.487499237060546875 25.981365203857421875 26.299518585205078125 25.711500167846679688 24.181924819946289063 22.291585922241210938 19.64037322998046875 15.67742919921875 11.362436294555664063 13.572892189025878906 20.073305130004882813 21.368478775024414063 18.17589569091796875 16.935602188110351563 16.376556396484375 13.471943855285644531 10.377537727355957031 11.726063728332519531 14.59316253662109375 15.482098579406738281 14.230386734008789063 12.307049751281738281 11.762891769409179688 11.153116226196289063 10.296662330627441406 9.2961101531982421875 7.9383044242858886719 6.2097682952880859375 7.1634745597839355469 8.139186859130859375 6.0449056625366210938 6.69667816162109375
28.753190994262695313 30.129640579223632813 24.266523361206054688 12.475649833679199219 8.9345064163208007813 17.336065292358398438 21.196704864501953125 21.656839370727539063 21.412181854248046875 22.56761932373046875 23.910533905029296875 24.165157318115234375 24.080389022827148438 24.642305374145507813 26.046270370483398438 26.466783523559570313 24.559465408325195313 23.926822662353515625 25.560909271240234375 25.949316024780273438 22.65685272216796875 17.605625152587890625 13.733272552490234375 11.593736648559570313 15.986899375915527344 19.303621292114257813 18.641887664794921875 21.972410202026367188 23.454061508178710938 20.688119888305664063 19.930225372314453125 17.965681076049804688 11.278066635131835938 10.410607337951660156 16.23999786376953125 17.52085113525390625 16.242456436157226563 15.121258735656738281 13.735102653503417969 12.084111213684082031 10.979775428771972656 10.700653076171875 10.063504219055175781 9.1578817367553710938 6.8467030525207519531 6.6378793716430664063 7.7887215614318847656 7.0474748611450195313 6.3486495018005371094
31.328226089477539063 24.813940048217773438 16.968868255615234375 15.480190277099609375 16.907690048217773438 19.636255264282226563 21.218082427978515625 20.976324081420898438 20.662591934204101563 21.2187347412109375 21.452959060668945313 20.6827392578125 20.469415664672851563 21.638988494873046875 22.658405303955078125 22.639047622680664063 21.193937301635742188 21.192779541015625 20.672094345092773438 16.959293365478515625 13.039066314697265625 13.191343307495117188 15.982552528381347656 16.147029876708984375 13.134542465209960938 11.536892890930175781 16.762554168701171875 23.1519317626953125 21.354162216186523438 20.29274749755859375 22.8145599365234375 14.258855819702148438 11.036455154418945313 16.938726425170898438 14.97299957275390625 12.916149139404296875 12.042815208435058594 12.327639579772949219 13.314565658569335938 12.761050224304199219 11.638846397399902344 11.619961738586425781 10.463608741760253906 9.7442722320556640625 8.5419778823852539063 6.639255523681640625 5.3253917694091796875 5.891246795654296875 5.0823025703430175781
23.914615631103515625 16.57210540771484375 19.967908859252929688 21.555843353271484375 19.275583267211914063 19.87435150146484375 21.871431350708007813 21.5003204345703125 20.246648788452148438 19.896493911743164063 19.625551223754882813 19.346086502075195313 19.25609588623046875 19.891269683837890625 20.811962127685546875 19.749917984008789063 16.51041412353515625 15.153056144714355469 13.59210968017578125 16.002931594848632813 19.1311492919921875 17.90216064453125 14.423292160034179688 11.854468345642089844 11.327702522277832031 14.024198532104492188 20.887582778930664063 23.64756011962890625 21.30890655517578125 23.352764129638671875 15.746240615844726563 14.218337059020996094 18.573699951171875 15.51665496826171875 12.898256301879882813 10.279924392700195313 9.1303920745849609375 9.299190521240234375 11.3512115478515625 12.546323776245117188 12.378147125244140625 12.872941970825195313 11.660613059997558594 9.4453639984130859375 4.8989033699035644531 -9999 -9999 -9999 -9999
11.795102119445800781 16.521966934204101563 23.308439254760742188 23.251649856567382813 20.477926254272460938 21.326089859008789063 23.103944778442382813 22.940155029296875 20.85980224609375 20.075376510620117188 19.93508148193359375 17.87693023681640625 15.122072219848632813 14.420331001281738281 15.185277938842773438 14.708910942077636719 15.09774017333984375 18.9056549072265625 20.535005569458007813 18.746065139770507813 17.197906494140625 16.328184127807617188 15.458028793334960938 15.437342643737792969 14.622014999389648438 16.6552734375 22.614000320434570313 25.335369110107421875 23.778903961181640625 16.918766021728515625 10.933933258056640625 18.621868133544921875 16.9716796875 15.929812431335449219 15.574561119079589844 13.632157325744628906 9.7193040847778320313 8.4311780929565429688 9.485141754150390625 11.035099983215332031 11.707442283630371094 11.690582275390625 6.3961606025695800781 -9999 -9999 -9999 -9999 -9999 -9999
18.18051910400390625 19.69347381591796875 23.1364898681640625 23.400442123413085938 22.063627243041992188 23.122728347778320313 23.489933013916015625 23.541795730590820313 21.276021957397460938 17.9017333984375 15.162621498107910156 11.400853157043457031 10.886117935180664063 14.440499305725097656 17.691122055053710938 19.767444610595703125 19.452350616455078125 18.166093826293945313 16.819553375244140625 14.94194793701171875 14.705437660217285156 16.826656341552734375 20.459926605224609375 20.052570343017578125 15.943970680236816406 17.162982940673828125 24.8152923583984375 27.397569656372070313 17.138795852661132813 8.4120817184448242188 16.478204727172851563 15.355130195617675781 16.158580780029296875 16.891698837280273438 17.707981109619140625 17.730279922485351563 11.712512016296386719 8.3669338226318359375 8.1880464553833007813 9.17241668701171875 5.8398637771606445313 -9999 -9999 -9999 -9999 -9999 -9999 -9999 -9999
18.925462722778320313 18.663640975952148438 21.702775955200195313 22.551631927490234375 22.076999664306640625 23.28324127197265625 22.796331405639648438 20.739191055297851563 17.330066680908203125 14.53237152099609375 15.782979011535644531 16.004482269287109375 14.4999847412109375 14.928702354431152344 15.319021224975585938 14.664135932922363281 13.636037826538085938 12.824326515197753906 13.708687782287597656 14.948644638061523438 16.608842849731445313 19.602411270141601563 23.933588027954101563 23.666109085083007813 20.222105026245117188 22.379665374755859375 26.177637100219726563 20.048259735107421875 11.099879264831542969 17.453870773315429688 17.558528900146484375 16.399892807006835938 14.478825569152832031 11.607361793518066406 16.434185028076171875 19.03659820556640625 14.119152069091796875 8.62131500244140625 3.768718719482421875 -9999 -9999 -9999 -9999 -9999 -9999 -9999 -9999 -9999 -9999
18.000856399536132813 18.258562088012695313 20.043455123901367188 21.599412918090820313 21.381671905517578125 21.078504562377929688 20.878686904907226563 18.407060623168945313 18.371608734130859375 18.697931289672851563 17.630250930786132813 17.110906600952148438 15.527367591857910156 13.839695930480957031 13.600873947143554688 12.975747108459472656 12.526456832885742188 13.228407859802246094 15.708251953125 17.747135162353515625 19.693592071533203125 23.080038070678710938 26.458753585815429688 26.4162750244140625 23.319244384765625 19.565460205078125 12.159135818481445313 15.427712440490722656 21.766817092895507813 21.011140823364257813 21.389904022216796875 18.838623046875 13.641571044921875 11.037806510925292969 14.829343795776367188 16.624542236328125 8.4363536834716796875 -9999 -9999 -9999 -9999 -9999 -9999 -9999 -9999 -9999 -9999 -9999 -9999
19.022129058837890625 18.318002700805664063 18.8347625732421875 20.879240036010742188 20.26963043212890625 19.659273147583007813 22.6454620361328125 23.16777801513671875 21.019008636474609375 19.66010284423828125 18.668817520141601563 17.905733108520507813 17.044603347778320313 15.619129180908203125 15.189404487609863281 15.111848831176757813 14.997346878051757813 15.671072959899902344 19.086145401000976563 21.934070587158203125 24.291408538818359375 27.004461288452148438 26.946989059448242188 24.697170257568359375 17.5443115234375 9.060161590576171875 17.055225372314453125 21.713800430297851563 20.948787689208984375 20.46478271484375 19.798107147216796875 16.088609695434570313 13.505764961242675781 9.607761383056640625 7.8733763694763183594 -9999 -9999 -9999 -9999 -9999 -9999 -9999 -9999 -9999 -9999 -9999 -9999 -9999 -9999
21.40859222412109375 19.946741104125976563 20.42763519287109375 21.42839813232421875 22.4014892578125 23.901823043823242188 24.368955612182617188 24.084873199462890625 22.664211273193359375 21.068346023559570313 18.775316238403320313 16.257883071899414063 15.344770431518554688 15.832907676696777344 17.743085861206054688 18.399824142456054688 17.571607589721679688 18.355350494384765625 22.301889419555664063 25.2979736328125 26.5055389404296875 26.699710845947265625 21.85652923583984375 15.322193145751953125 12.905940055847167969 17.212556838989257813 18.933210372924804688 18.057924270629882813 18.2416839599609375 17.826116561889648438 13.42507171630859375 9.4844570159912109375 -9999 -9999 -9999 -9999 -9999 -9999 -9999 -9999 -9999 -9999 -9999 -9999 -9999 -9999 -9999 -9999 -9999
22.616466522216796875 21.388946533203125 22.103647232055664063 22.909231185913085938 23.70751953125 25.444093704223632813 26.191030502319335938 25.439767837524414063 22.977870941162109375 20.689550399780273438 19.382122039794921875 17.388963699340820313 15.458156585693359375 16.360668182373046875 19.875104904174804688 20.745775222778320313 19.518663406372070313 20.207250595092773438 24.19322967529296875 26.88214874267578125 25.766023635864257813 20.592456817626953125 11.230487823486328125 14.369381904602050781 21.6666412353515625 22.310968399047851563 19.588876724243164063 19.068552017211914063 19.10833740234375 15.7940521240234375 9.2446699142456054688 -9999 -9999 -9999 -9999 -9999 -9999 -9999 -9999 -9999 -9999 -9999 -9999 -9999 -9999 -9999 -9999 -9999 -9999
23.595127105712890625 22.718616485595703125 22.756021499633789063 23.912967681884765625 25.478181838989257813 26.532989501953125 27.063196182250976563 26.556468963623046875 24.171251296997070313 21.790658950805664063 21.983819961547851563 20.421741485595703125 17.034601211547851563 17.579343795776367188 20.96076202392578125 22.111967086791992188 20.93306732177734375 21.213582992553710938 25.244121551513671875 27.262056350708007813 21.501031875610351563 10.779969215393066406 15.363934516906738281 23.712671279907226563 25.10308837890625 22.746191024780273438 20.321155548095703125 19.093851089477539063 15.846688270568847656 11.529432296752929688 -9999 -9999 -9999 -9999 -9999 -9999 -9999 -9999 -9999 -9999 -9999 -9999 -9999 -9999 -9999 -9999 -9999 -9999 -9999
25.74411773681640625 25.157938003540039063 24.735761642456054688 23.761510848999023438 24.073846817016601563 25.623964309692382813 27.042285919189453125 27.093465805053710938 25.7087249755859375 24.275053024291992188 24.433187484741210938 22.1198577880859375 18.5222015380859375 19.017663955688476563 21.692111968994140625 22.907136917114257813 21.77445220947265625 22.10950469970703125 26.160005569458007813 24.11971282958984375 12.74846649169921875 18.356813430786132813 26.202081680297851563 28.185297012329101563 25.813587188720703125 24.149898529052734375 22.34624481201171875 17.4967803955078125 10.934000968933105469 -9999 -9999 -9999 -9999 -9999 -9999 -9999 -9999 -9999 -9999 -9999 -9999 -9999 -9999 -9999 -9999 -9999 -9999 -9999 -9999
29.179643630981445313 27.236774444580078125 24.473529815673828125 18.590785980224609375 13.717574119567871094 17.43291473388671875 25.327211380004882813 27.819959640502929688 27.026082992553710938 26.1830902099609375 26.28417205810546875 23.314851760864257813 19.260423660278320313 19.978353500366210938 22.096704483032226563 23.240034103393554688 22.502542495727539063 23.796722412109375 22.970273971557617188 14.908460617065429688 20.083980560302734375 26.382032394409179688 28.78253173828125 26.295850753784179688 23.423999786376953125 23.07675933837890625 20.2728271484375 13.48715972900390625 -9999 -9999 -9999 -9999 -9999 -9999 -9999 -9999 -9999 -9999 -9999 -9999 -9999 -9999 -9999 -9999 -9999 -9999 -9999 -9999 -9999
29.1768035888671875 25.413637161254882813 22.894739151000976563 19.03058624267578125 13.696425437927246094 16.1304473876953125 24.67082977294921875 28.231412887573242188 27.501140594482421875 26.739217758178710938 27.557714462280273438 24.557392120361328125 19.237798690795898438 19.866323471069335938 22.4555816650390625 24.464109420776367188 23.049152374267578125 21.087133407592773438 15.25859832763671875 19.424591064453125 22.940826416015625 23.539796829223632813 23.635929107666015625 19.875467300415039063 19.092342376708984375 19.602115631103515625 18.094381332397460938 -9999 -9999 -9999 -9999 -9999 -9999 -9999 -9999 -9999 -9999 -9999 -9999 -9999 -9999 -9999 -9999 -9999 -9999 -9999 -9999 -9999 -9999
26.149383544921875 24.817834854125976563 25.77707672119140625 24.113317489624023438 18.633459091186523438 18.093685150146484375 23.993005752563476563 27.400503158569335938 26.75638580322265625 26.857118606567382813 27.643404006958007813 25.132471084594726563 19.714468002319335938 18.589756011962890625 22.295015335083007813 24.735561370849609375 19.680242538452148438 16.5889739990234375 19.03299713134765625 19.971263885498046875 20.653596878051757813 23.428653717041015625 22.688371658325195313 18.810186386108398438 18.60521697998046875 18.255693435668945313 10.102283477783203125 -9999 -9999 -9999 -9999 -9999 -9999 -9999 -9999 -9999 -9999 -9999 -9999 -9999 -9999 -9999 -9999 -9999 -9999 -9999 -9999 -9999 -9999
26.960994720458984375 26.59947967529296875 27.499414443969726563 26.114545822143554688 21.395654678344726563 19.169622421264648438 23.510589599609375 26.521215438842773438 25.284608840942382813 26.974212646484375 27.444370269775390625 24.5489349365234375 20.001363754272460938 18.36728668212890625 19.658605575561523438 19.90450286865234375 21.039278030395507813 23.69187164306640625 25.000257492065429688 26.38080596923828125 28.130136489868164063 27.891733169555664063 24.575986862182617188 21.314672470092773438 20.447927474975585938 18.888704299926757813 -9999 -9999 -9999 -9999 -9999 -9999 -9999 -9999 -9999 -9999 -9999 -9999 -9999 -9999 -9999 -9999 -9999 -9999 -9999 -9999 -9999 -9999 -9999
27.802301406860351563 27.008609771728515625 27.528791427612304688 26.527040481567382813 22.630079269409179688 19.81955718994140625 23.127840042114257813 25.131589889526367188 23.083002090454101563 26.060777664184570313 27.09291839599609375 23.12290191650390625 18.333782196044921875 17.300580978393554688 15.948645591735839844 18.85869598388671875 23.4852752685546875 25.066175460815429688 27.06980133056640625 29.630937576293945313 30.4886322021484375 28.169782638549804688 24.143892288208007813 22.129848480224609375 20.26428985595703125 11.224062919616699219 -9999 -9999 -9999 -9999 -9999 -9999 -9999 -9999 -9999 -9999 -9999 -9999 -9999 -9999 -9999 -9999 -9999 -9999 -9999 -9999 -9999 -9999 -9999
28.117471694946289063 27.119077682495117188 27.588153839111328125 26.375795364379882813 22.53852081298828125 20.133508682250976563 22.427087783813476563 24.090625762939453125 22.968080520629882813 25.372255325317382813 27.535516738891601563 23.528959274291992188 17.634496688842773438 18.121736526489257813 19.281049728393554688 20.280336380004882813 21.992427825927734375 24.184320449829101563 26.722255706787109375 29.298618316650390625 29.531274795532226563 27.328533172607421875 24.5937347412109375 22.782571792602539063 20.253963470458984375 -9999 -9999 -9999 -9999 -9999 -9999 -9999 -9999 -9999 -9999 -9999 -9999 -9999 -9999 -9999 -9999 -9999 -9999 -9999 -9999 -9999 -9999 -9999 -9999
